<?xml version="1.0"?>
<opencv_storage>
<name>PCA</name>
<vectors type_id="opencv-matrix">
  <rows>1</rows>
  <cols>8</cols>
  <dt>f</dt>
  <data>
    -5.11161191e-03 -1.15761871e-03 4.81750816e-03 9.47572105e-03
    8.23559523e-01 -2.81912853e-05 5.67004919e-01 1.07315965e-02</data></vectors>
<values type_id="opencv-matrix">
  <rows>1</rows>
  <cols>1</cols>
  <dt>f</dt>
  <data>
    12343909.</data></values>
<mean type_id="opencv-matrix">
  <rows>1</rows>
  <cols>8</cols>
  <dt>f</dt>
  <data>
    1.92233170e+02 8.31084137e+01 9.80290413e+00 1.63654118e+01
    7.69080261e+02 9.31188345e-01 5.06072052e+02 1.95150566e+01</data></mean>
<TH>6.2083330078125000e+03</TH>
</opencv_storage>
