<?xml version="1.0"?>
<opencv_storage>
<name>PCA</name>
<vectors type_id="opencv-matrix">
  <rows>1</rows>
  <cols>8</cols>
  <dt>f</dt>
  <data>
    -5.19307517e-03 -2.34941326e-04 5.45157911e-03 6.70799147e-03
    8.52019787e-01 -8.76591730e-06 5.23339510e-01 8.75693094e-03</data></vectors>
<values type_id="opencv-matrix">
  <rows>1</rows>
  <cols>1</cols>
  <dt>f</dt>
  <data>
    51475744.</data></values>
<mean type_id="opencv-matrix">
  <rows>1</rows>
  <cols>8</cols>
  <dt>f</dt>
  <data>
    2.13109451e+02 7.11879425e+01 4.41119728e+01 6.36511269e+01
    4.64203711e+03 8.70880008e-01 2.96544556e+03 7.93491364e+01</data></mean>
<TH>3.6620454101562500e+03</TH>
</opencv_storage>
