<?xml version="1.0"?>
<opencv_storage>
<name>PCA</name>
<vectors type_id="opencv-matrix">
  <rows>1</rows>
  <cols>8</cols>
  <dt>f</dt>
  <data>
    -4.75098658e-03 -3.50218010e-03 6.85415510e-03 7.63588818e-03
    8.52224052e-01 1.11913289e-06 5.22937179e-01 1.05586266e-02</data></vectors>
<values type_id="opencv-matrix">
  <rows>1</rows>
  <cols>1</cols>
  <dt>f</dt>
  <data>
    5732258.</data></values>
<mean type_id="opencv-matrix">
  <rows>1</rows>
  <cols>8</cols>
  <dt>f</dt>
  <data>
    1.87037125e+02 1.42078827e+02 1.16338787e+01 1.54750271e+01
    5.27698975e+02 9.10431683e-01 3.02682526e+02 1.99387703e+01</data></mean>
<TH>6.4654321289062500e+03</TH>
</opencv_storage>
