<?xml version="1.0"?>
<opencv_storage>
<name>PCA</name>
<vectors type_id="opencv-matrix">
  <rows>1</rows>
  <cols>8</cols>
  <dt>f</dt>
  <data>
    -7.36005558e-03 -2.74270657e-03 4.55324166e-03 1.19840903e-02
    8.15670669e-01 -3.81694372e-05 5.78178227e-01 1.28738349e-02</data></vectors>
<values type_id="opencv-matrix">
  <rows>1</rows>
  <cols>1</cols>
  <dt>f</dt>
  <data>
    10788455.</data></values>
<mean type_id="opencv-matrix">
  <rows>1</rows>
  <cols>8</cols>
  <dt>f</dt>
  <data>
    1.95799835e+02 8.12984695e+01 1.51131401e+01 2.98330059e+01
    1.08964673e+03 7.88692057e-01 7.43038330e+02 3.41563301e+01</data></mean>
<TH>5.0258935546875000e+03</TH>
</opencv_storage>
