<?xml version="1.0"?>
<opencv_storage>
<name>PCA</name>
<vectors type_id="opencv-matrix">
  <rows>1</rows>
  <cols>8</cols>
  <dt>f</dt>
  <data>
    -9.57745779e-03 -2.43453495e-03 5.14874049e-03 7.12791178e-03
    8.48732650e-01 -1.10870815e-05 5.28580368e-01 8.99309292e-03</data></vectors>
<values type_id="opencv-matrix">
  <rows>1</rows>
  <cols>1</cols>
  <dt>f</dt>
  <data>
    22147582.</data></values>
<mean type_id="opencv-matrix">
  <rows>1</rows>
  <cols>8</cols>
  <dt>f</dt>
  <data>
    3.39237366e+02 2.52041550e+02 1.40991440e+01 1.71490555e+01
    1.09395374e+03 1.08653843e+00 6.75034912e+02 2.30142727e+01</data></mean>
<TH>8.5473222656250000e+03</TH>
</opencv_storage>
