<?xml version="1.0"?>
<opencv_storage>
<name>PCA</name>
<vectors type_id="opencv-matrix">
  <rows>1</rows>
  <cols>8</cols>
  <dt>f</dt>
  <data>
    -7.13418750e-03 -4.52634413e-03 4.36747400e-03 1.12091107e-02
    8.19343925e-01 -3.17279191e-05 5.72986901e-01 1.20749222e-02</data></vectors>
<values type_id="opencv-matrix">
  <rows>1</rows>
  <cols>1</cols>
  <dt>f</dt>
  <data>
    11611738.</data></values>
<mean type_id="opencv-matrix">
  <rows>1</rows>
  <cols>8</cols>
  <dt>f</dt>
  <data>
    1.95322586e+02 9.67512741e+01 1.34282398e+01 2.92657318e+01
    1.02089185e+03 7.41478205e-01 6.79498718e+02 3.28396111e+01</data></mean>
<TH>5.8267915039062500e+03</TH>
</opencv_storage>
