<?xml version="1.0"?>
<opencv_storage>
<name>PCA</name>
<vectors type_id="opencv-matrix">
  <rows>1</rows>
  <cols>8</cols>
  <dt>f</dt>
  <data>
    -1.66248949e-03 1.37294832e-04 4.91734035e-03 5.08304639e-03
    8.27289820e-01 -1.83585951e-06 5.61683655e-01 7.12767011e-03</data></vectors>
<values type_id="opencv-matrix">
  <rows>1</rows>
  <cols>1</cols>
  <dt>f</dt>
  <data>
    19488970.</data></values>
<mean type_id="opencv-matrix">
  <rows>1</rows>
  <cols>8</cols>
  <dt>f</dt>
  <data>
    1.60342545e+02 1.19209312e+02 9.97795963e+00 1.03980474e+01
    6.41958984e+02 1.05142391e+00 4.26123871e+02 1.47636986e+01</data></mean>
<TH>1.4972611328125000e+04</TH>
</opencv_storage>
