<?xml version="1.0"?>
<opencv_storage>
<name>PCA</name>
<vectors type_id="opencv-matrix">
  <rows>1</rows>
  <cols>8</cols>
  <dt>f</dt>
  <data>
    -1.57749839e-03 -2.36603053e-04 5.93154971e-03 3.79501609e-03
    8.10211957e-01 1.79928447e-05 5.86049676e-01 7.13321753e-03</data></vectors>
<values type_id="opencv-matrix">
  <rows>1</rows>
  <cols>1</cols>
  <dt>f</dt>
  <data>
    22785408.</data></values>
<mean type_id="opencv-matrix">
  <rows>1</rows>
  <cols>8</cols>
  <dt>f</dt>
  <data>
    1.59402359e+02 9.92735672e+01 1.15066977e+01 9.83822727e+00
    6.71890991e+02 1.09349418e+00 4.64513519e+02 1.56271067e+01</data></mean>
<TH>1.7022423828125000e+04</TH>
</opencv_storage>
