<?xml version="1.0"?>
<opencv_storage>
<name>PCA</name>
<vectors type_id="opencv-matrix">
  <rows>1</rows>
  <cols>8</cols>
  <dt>f</dt>
  <data>
    9.80417361e-04 -1.72042544e-03 3.66013148e-03 5.92782814e-03
    7.94061601e-01 -1.19774459e-05 6.07754350e-01 6.97808387e-03</data></vectors>
<values type_id="opencv-matrix">
  <rows>1</rows>
  <cols>1</cols>
  <dt>f</dt>
  <data>
    13171112.</data></values>
<mean type_id="opencv-matrix">
  <rows>1</rows>
  <cols>8</cols>
  <dt>f</dt>
  <data>
    1.54236786e+02 8.53214874e+01 6.76780176e+00 7.95504665e+00
    3.62504639e+02 1.04279923e+00 2.60640808e+02 1.06657286e+01</data></mean>
<TH>1.9149140625000000e+04</TH>
</opencv_storage>
