<?xml version="1.0"?>
<opencv_storage>
<name>PCA</name>
<vectors type_id="opencv-matrix">
  <rows>1</rows>
  <cols>8</cols>
  <dt>f</dt>
  <data>
    -5.06744022e-03 -1.78125198e-03 5.15174074e-03 6.78812293e-03
    8.09915960e-01 -1.46885377e-05 5.86395383e-01 8.69248342e-03</data></vectors>
<values type_id="opencv-matrix">
  <rows>1</rows>
  <cols>1</cols>
  <dt>f</dt>
  <data>
    17540966.</data></values>
<mean type_id="opencv-matrix">
  <rows>1</rows>
  <cols>8</cols>
  <dt>f</dt>
  <data>
    1.69311951e+02 1.02382202e+02 1.95985718e+01 2.82052574e+01
    1.28126697e+03 9.49833810e-01 8.33216797e+02 3.54849586e+01</data></mean>
<TH>4.9674409179687500e+03</TH>
</opencv_storage>
