<?xml version="1.0"?>
<opencv_storage>
<name>PCA</name>
<vectors type_id="opencv-matrix">
  <rows>1</rows>
  <cols>6</cols>
  <dt>f</dt>
  <data>
    4.15670872e-03 3.36211571e-03 7.93373227e-01 1.15653456e-05
    6.08688414e-01 5.36966790e-03</data></vectors>
<values type_id="opencv-matrix">
  <rows>1</rows>
  <cols>1</cols>
  <dt>f</dt>
  <data>
    131498680.</data></values>
<mean type_id="opencv-matrix">
  <rows>1</rows>
  <cols>6</cols>
  <dt>f</dt>
  <data>
    3.09000931e+01 3.05235195e+01 2.72999829e+03 1.32187426e+00
    2.00548962e+03 4.79772110e+01</data></mean>
<TH>3.1288751953125000e+04</TH>
</opencv_storage>
