<?xml version="1.0"?>
<opencv_storage>
<name>PCA</name>
<vectors type_id="opencv-matrix">
  <rows>1</rows>
  <cols>6</cols>
  <dt>f</dt>
  <data>
    6.58823224e-03 1.25532299e-02 8.11417639e-01 -5.24994502e-05
    5.84118426e-01 1.43568004e-02</data></vectors>
<values type_id="opencv-matrix">
  <rows>1</rows>
  <cols>1</cols>
  <dt>f</dt>
  <data>
    4.07629725e+06</data></values>
<mean type_id="opencv-matrix">
  <rows>1</rows>
  <cols>6</cols>
  <dt>f</dt>
  <data>
    1.37096281e+01 2.16570606e+01 6.50418213e+02 9.09841895e-01
    4.56246338e+02 2.63817387e+01</data></mean>
<TH>3.3399011230468750e+03</TH>
</opencv_storage>
