<?xml version="1.0"?>
<opencv_storage>
<name>PCA</name>
<vectors type_id="opencv-matrix">
  <rows>1</rows>
  <cols>6</cols>
  <dt>f</dt>
  <data>
    9.13273636e-03 1.23090558e-02 8.63695025e-01 -1.28795640e-04
    5.03547728e-01 1.53580466e-02</data></vectors>
<values type_id="opencv-matrix">
  <rows>1</rows>
  <cols>1</cols>
  <dt>f</dt>
  <data>
    4221499.</data></values>
<mean type_id="opencv-matrix">
  <rows>1</rows>
  <cols>6</cols>
  <dt>f</dt>
  <data>
    2.26668072e+01 2.21859283e+01 9.73909241e+02 1.47917819e+00
    5.93457458e+02 3.30452995e+01</data></mean>
<TH>1.5598453369140625e+03</TH>
</opencv_storage>
