<?xml version="1.0"?>
<opencv_storage>
<name>PCA</name>
<vectors type_id="opencv-matrix">
  <rows>1</rows>
  <cols>6</cols>
  <dt>f</dt>
  <data>
    6.78093405e-03 1.06113181e-02 8.71650338e-01 -2.87902967e-05
    4.89805043e-01 1.25841182e-02</data></vectors>
<values type_id="opencv-matrix">
  <rows>1</rows>
  <cols>1</cols>
  <dt>f</dt>
  <data>
    12135794.</data></values>
<mean type_id="opencv-matrix">
  <rows>1</rows>
  <cols>6</cols>
  <dt>f</dt>
  <data>
    4.55941658e+01 7.17854462e+01 4.13695264e+03 7.27889121e-01
    2.41509448e+03 8.57851639e+01</data></mean>
<TH>-6.8324511718750000e+02</TH>
</opencv_storage>
