<?xml version="1.0"?>
<opencv_storage>
<name>PCA</name>
<vectors type_id="opencv-matrix">
  <rows>1</rows>
  <cols>6</cols>
  <dt>f</dt>
  <data>
    4.45682602e-03 9.47320648e-03 8.05286109e-01 -2.60952456e-05
    5.92700958e-01 1.05043529e-02</data></vectors>
<values type_id="opencv-matrix">
  <rows>1</rows>
  <cols>1</cols>
  <dt>f</dt>
  <data>
    22827642.</data></values>
<mean type_id="opencv-matrix">
  <rows>1</rows>
  <cols>6</cols>
  <dt>f</dt>
  <data>
    2.61464405e+01 5.82364235e+01 2.55315039e+03 6.58477068e-01
    1.85720068e+03 6.46179962e+01</data></mean>
<TH>4.1715830078125000e+03</TH>
</opencv_storage>
