<?xml version="1.0"?>
<opencv_storage>
<name>PCA</name>
<vectors type_id="opencv-matrix">
  <rows>1</rows>
  <cols>8</cols>
  <dt>f</dt>
  <data>
    6.24982582e-04 -2.55946373e-03 6.18856773e-03 7.74653442e-03
    8.78668368e-01 -1.07221331e-05 4.77219522e-01 9.94358119e-03</data></vectors>
<values type_id="opencv-matrix">
  <rows>1</rows>
  <cols>1</cols>
  <dt>f</dt>
  <data>
    31901486.</data></values>
<mean type_id="opencv-matrix">
  <rows>1</rows>
  <cols>8</cols>
  <dt>f</dt>
  <data>
    8.83032990e+01 8.83036270e+01 5.32017632e+01 7.20473404e+01
    5.40896240e+03 8.34450960e-01 2.99207568e+03 9.06110916e+01</data></mean>
<TH>-5.6719482421875000e+02</TH>
</opencv_storage>
