<?xml version="1.0"?>
<opencv_storage>
<name>PCA</name>
<vectors type_id="opencv-matrix">
  <rows>1</rows>
  <cols>6</cols>
  <dt>f</dt>
  <data>
    1.18836453e-02 1.24955606e-02 8.58435094e-01 -2.59100943e-05
    5.12321830e-01 1.78444330e-02</data></vectors>
<values type_id="opencv-matrix">
  <rows>1</rows>
  <cols>1</cols>
  <dt>f</dt>
  <data>
    1.02803750e+06</data></values>
<mean type_id="opencv-matrix">
  <rows>1</rows>
  <cols>6</cols>
  <dt>f</dt>
  <data>
    1.05297470e+01 8.58833599e+00 2.41904083e+02 1.52990997e+00
    1.45676666e+02 1.42788181e+01</data></mean>
<TH>2.5286306152343750e+03</TH>
</opencv_storage>
