<?xml version="1.0"?>
<opencv_storage>
<homography type_id="opencv-matrix">
  <rows>3</rows>
  <cols>3</cols>
  <dt>d</dt>
  <data>
    -1.7898207048246195e-02 -6.7551297569187194e-02
    1.5128026486391819e+01 5.1406161682626149e-02
    -7.4403655066958927e-03 6.4934098967529108e-02
    4.5180231457219529e-04 5.4881575258531462e-03 1.</data></homography>
</opencv_storage>
