<?xml version="1.0"?>
<opencv_storage>
<name>PCA</name>
<vectors type_id="opencv-matrix">
  <rows>1</rows>
  <cols>8</cols>
  <dt>f</dt>
  <data>
    -2.84036365e-03 -9.86534869e-04 7.25411484e-03 4.45118826e-03
    8.65185976e-01 1.88457689e-05 5.01296937e-01 8.57672282e-03</data></vectors>
<values type_id="opencv-matrix">
  <rows>1</rows>
  <cols>1</cols>
  <dt>f</dt>
  <data>
    24379836.</data></values>
<mean type_id="opencv-matrix">
  <rows>1</rows>
  <cols>8</cols>
  <dt>f</dt>
  <data>
    1.23012665e+02 1.13609924e+02 2.19848347e+01 1.85887108e+01
    1.28849390e+03 1.23666990e+00 7.27840698e+02 2.98782196e+01</data></mean>
<TH>9.5754882812500000e+03</TH>
</opencv_storage>
