<?xml version="1.0"?>
<opencv_storage>
<homography type_id="opencv-matrix">
  <rows>3</rows>
  <cols>3</cols>
  <dt>d</dt>
  <data>
    -8.5967943072319031e-02 -1.7597167193889618e-01
    2.1437004089355469e+02 4.3434044718742371e-01
    -9.0121766552329063e-03 2.1700054168701172e+01
    -5.9323362074792385e-04 6.5218465169891715e-04 1.</data></homography>
</opencv_storage>
