<?xml version="1.0"?>
<opencv_storage>
<name>PCA</name>
<vectors type_id="opencv-matrix">
  <rows>1</rows>
  <cols>8</cols>
  <dt>f</dt>
  <data>
    -6.03009760e-03 3.68403178e-03 6.20720303e-03 1.02265179e-02
    8.48315299e-01 -3.04361729e-05 5.29171824e-01 1.20705236e-02</data></vectors>
<values type_id="opencv-matrix">
  <rows>1</rows>
  <cols>1</cols>
  <dt>f</dt>
  <data>
    11017906.</data></values>
<mean type_id="opencv-matrix">
  <rows>1</rows>
  <cols>8</cols>
  <dt>f</dt>
  <data>
    2.18636108e+02 4.92473335e+01 1.82977390e+01 2.72611713e+01
    1.19888110e+03 9.31260049e-01 7.64437744e+02 3.38337822e+01</data></mean>
<TH>4.0861896972656250e+03</TH>
</opencv_storage>
