<?xml version="1.0"?>
<opencv_storage>
<homography type_id="opencv-matrix">
  <rows>3</rows>
  <cols>3</cols>
  <dt>d</dt>
  <data>
    -3.8507443147714154e-01 1.3795911790396691e+00
    4.7396214447334799e+01 -3.9994234834530035e-01
    2.6036865278433236e-01 6.5544202710817189e+01
    -4.8015711767125310e-03 7.3106613792329068e-03 1.</data></homography>
</opencv_storage>
