<?xml version="1.0"?>
<opencv_storage>
<homography type_id="opencv-matrix">
  <rows>3</rows>
  <cols>3</cols>
  <dt>d</dt>
  <data>
    -1.1864049434661865e+00 -1.6114003956317902e-03
    1.3418981933593750e+02 -1.2342177629470825e+00
    -3.6878460645675659e-01 1.8736138916015625e+02
    -8.2928845658898354e-03 -3.3564664772711694e-04 1.</data></homography>
</opencv_storage>
